1978 07     56.070      2.700 ALE 
1978 08     54.420      2.080 ALE 
1978 09     55.960      2.350 ALE 
1978 10     57.870      1.850 ALE 
1978 11     61.260      0.990 ALE 
1978 12     60.740      1.000 ALE 
1979 01     59.870      1.070 ALE 
1979 02     59.650      0.870 ALE 
1979 03     61.140      0.920 ALE 
1979 04     62.560      0.880 ALE 
1979 05     62.620      1.110 ALE 
1979 06     63.580      1.240 ALE 
1979 07     63.010      1.060 ALE 
1979 08     64.270      0.900 ALE 
1979 09     65.090      0.990 ALE 
1979 10     65.990      0.690 ALE 
1979 11     66.500      0.830 ALE 
1979 12     66.190      0.560 ALE 
1980 01     65.850      0.690 ALE 
1980 02     66.150      0.920 ALE 
1980 03     67.340      0.950 ALE 
1980 04     67.390      1.330 ALE 
1980 05     70.140      1.390 ALE 
1980 06     70.710      1.260 ALE 
1980 07     71.440      0.950 ALE 
1980 08     72.480      0.890 ALE 
1980 09     73.480      0.630 ALE 
1980 10     74.120      0.760 ALE 
1980 11     73.810      0.920 ALE 
1980 12     73.030      0.500 ALE 
1981 01     72.940      0.530 ALE 
1981 02     73.210      0.530 ALE 
1981 03     74.370      0.730 ALE 
1981 04     75.230      0.550 ALE 
1981 05     75.690      0.710 ALE 
1981 06     76.280      0.910 ALE 
1981 07     76.120      0.800 ALE 
1981 09     76.520      1.590 ALE 
1981 10     78.240      2.180 ALE 
1981 11     78.790      1.030 ALE 
1981 12     78.010      0.820 ALE 
1982 01     77.840      0.920 ALE 
1982 02     77.850      0.990 ALE 
1982 03     78.580      1.070 ALE 
1982 04     79.800      0.960 ALE 
1982 05     81.480      1.070 ALE 
1982 06     82.640      0.690 ALE 
1982 07     83.440      0.670 ALE 
1982 08     84.090      0.810 ALE 
1982 09     84.240      0.530 ALE 
1982 10     85.010      0.720 ALE 
1982 11     85.130      0.680 ALE 
1982 12     84.330      0.780 ALE 
1983 01     83.910      0.590 ALE 
1983 02     83.960      0.900 ALE 
1983 03     84.120      0.820 ALE 
1983 04     84.370      0.730 ALE 
1983 05     85.290      0.940 ALE 
1983 06     85.900      0.820 ALE 
1983 07     87.100      0.970 ALE 
1983 08     87.530      0.990 ALE 
1983 09     87.250      0.800 ALE 
1983 10     87.560      0.650 ALE 
1983 11     87.450      0.770 ALE 
1983 12     86.580      0.810 ALE 
1984 01     86.120      0.620 ALE 
1984 02     86.300      0.620 ALE 
1984 03     86.790      0.540 ALE 
1984 04     87.160      0.690 ALE 
1984 10     93.030      0.600 ALE 
1984 11     92.390      0.840 ALE 
1984 12     91.590      0.710 ALE 
1985 01     91.040      1.000 ALE 
1985 02     90.680      0.690 ALE 
1985 03     91.190      0.920 ALE 
1985 04     92.780      0.900 ALE 
1985 05     93.770      1.060 ALE 
1985 06     94.250      0.950 ALE 
1981 12     80.720      0.380 GAGE 
1982 01     80.130      0.390 GAGE 
1982 02     79.970      0.310 GAGE 
1982 03     79.980      0.530 GAGE 
1982 04     80.610      0.660 GAGE 
1982 05     81.930      0.510 GAGE 
1982 06     82.720      0.460 GAGE 
1982 07     83.090      0.490 GAGE 
1982 08     84.000      0.580 GAGE 
1982 09     84.250      0.370 GAGE 
1982 10     83.840      0.410 GAGE 
1982 11     83.470      0.300 GAGE 
1982 12     83.090      0.250 GAGE 
1983 01     82.520      0.260 GAGE 
1983 02     82.930      0.660 GAGE 
1983 03     84.380      0.360 GAGE 
1983 04     85.070      0.510 GAGE 
1983 05     85.800      0.390 GAGE 
1983 06     86.380      0.380 GAGE 
1983 07     86.910      0.420 GAGE 
1983 08     87.800      0.400 GAGE 
1983 09     88.010      0.340 GAGE 
1983 10     88.170      0.250 GAGE 
1983 11     87.960      0.290 GAGE 
1983 12     87.460      0.240 GAGE 
1984 01     86.780      0.320 GAGE 
1984 02     86.350      0.220 GAGE 
1984 03     86.840      0.470 GAGE 
1984 04     87.440      0.420 GAGE 
1984 05     88.050      0.590 GAGE 
1984 06     89.070      0.500 GAGE 
1984 07     89.810      0.490 GAGE 
1984 08     90.820      0.520 GAGE 
1984 09     91.270      0.450 GAGE 
1984 10     90.920      0.460 GAGE 
1984 11     90.810      0.470 GAGE 
1984 12     90.410      0.460 GAGE 
1985 01     89.630      0.350 GAGE 
1985 02     89.420      0.310 GAGE 
1985 03     90.080      0.440 GAGE 
1985 04     91.440      0.620 GAGE 
1985 05     92.210      0.460 GAGE 
1985 06     92.650      0.520 GAGE 
1985 07     93.440      0.530 GAGE 
1985 08     95.340      0.810 GAGE 
1985 09     96.310      0.570 GAGE 
1985 10     95.960      0.430 GAGE 
1985 11     95.580      0.430 GAGE 
1985 12     94.540      0.510 GAGE 
1986 01     93.840      0.330 GAGE 
1986 02     93.570      0.320 GAGE 
1986 03     94.140      0.440 GAGE 
1986 04     96.260      0.870 GAGE 
1986 05     97.080      0.670 GAGE 
1986 06     97.960      0.720 GAGE 
1986 07     98.780      0.490 GAGE 
1986 08     99.210      0.650 GAGE 
1986 09     99.790      0.450 GAGE 
1986 10     98.670      0.640 GAGE 
1986 11     97.370      0.400 GAGE 
1986 12     96.830      0.470 GAGE 
1987 01     96.200      0.540 GAGE 
1987 02     95.820      0.590 GAGE 
1987 03     96.380      0.830 GAGE 
1987 04     97.430      0.810 GAGE 
1987 05     98.550      0.790 GAGE 
1987 06     99.690      0.730 GAGE 
1987 08    101.560      0.410 GAGE 
1987 09    101.820      0.450 GAGE 
1987 10    102.050      0.350 GAGE 
1987 11    101.510      0.340 GAGE 
1987 12    101.090      0.360 GAGE 
1988 01    100.650      0.360 GAGE 
1988 02    100.160      0.290 GAGE 
1988 03    100.330      0.450 GAGE 
1988 04    100.920      0.430 GAGE 
1988 05    103.790      0.840 GAGE 
1988 06    104.570      0.610 GAGE 
1988 07    105.370      0.650 GAGE 
1988 08    106.100      0.510 GAGE 
1988 09    106.460      0.500 GAGE 
1988 10    106.650      0.400 GAGE 
1988 11    106.520      0.380 GAGE 
1988 12    105.790      0.480 GAGE 
1989 01    105.180      0.390 GAGE 
1989 02    105.270      0.370 GAGE 
1989 03    105.940      0.540 GAGE 
1989 04    106.880      0.540 GAGE 
1989 05    107.900      0.590 GAGE 
1989 06    108.510      0.650 GAGE 
1989 07    108.890      0.670 GAGE 
1989 08    109.510      0.440 GAGE 
1989 09    109.990      0.460 GAGE 
1989 10    109.940      0.440 GAGE 
1989 11    109.390      0.380 GAGE 
1989 12    109.110      0.420 GAGE 
1990 01    108.530      0.390 GAGE 
1990 02    108.640      0.470 GAGE 
1990 03    108.510      0.600 GAGE 
1990 04    109.320      0.770 GAGE 
1990 06    111.290      0.730 GAGE 
1990 07    111.860      0.570 GAGE 
1990 08    112.710      0.410 GAGE 
1990 09    113.270      0.450 GAGE 
1990 10    113.370      0.370 GAGE 
1990 11    113.010      0.310 GAGE 
1990 12    112.080      0.380 GAGE 
1991 01    111.060      0.410 GAGE 
1991 02    110.490      0.260 GAGE 
1991 03    110.810      0.450 GAGE 
1991 04    111.860      0.630 GAGE 
1991 05    112.930      0.790 GAGE 
1991 06    114.310      0.600 GAGE 
1991 07    114.700      0.540 GAGE 
1991 08    115.350      0.490 GAGE 
1991 09    116.120      0.510 GAGE 
1991 10    116.830      0.560 GAGE 
1991 11    116.590      0.500 GAGE 
1991 12    115.960      0.510 GAGE 
1992 01    115.020      0.390 GAGE 
1992 02    114.800      0.390 GAGE 
1992 03    114.650      0.460 GAGE 
1992 04    115.010      0.540 GAGE 
1992 05    118.840      1.080 GAGE 
1992 06    119.640      1.390 GAGE 
1992 07    119.580      1.260 GAGE 
1992 08    118.840      0.950 GAGE 
1992 09    119.210      0.970 GAGE 
1992 10    118.720      0.800 GAGE 
1992 11    117.320      0.670 GAGE 
1992 12    115.650      1.030 GAGE 
1993 01    114.340      0.450 GAGE 
1993 02    113.390      0.480 GAGE 
1993 03    113.380      0.530 GAGE 
1993 04    113.550      0.460 GAGE 
1993 05    113.960      0.560 GAGE 
1993 06    114.120      0.580 GAGE 
1993 07    114.190      0.690 GAGE 
1993 08    114.780      0.830 GAGE 
1993 09    114.660      0.500 GAGE 
1993 10    113.990      0.370 GAGE 
1993 11    113.350      0.500 GAGE 
1993 12    111.770      0.650 GAGE 
1994 01    110.640      0.690 GAGE 
1994 02    109.490      0.650 GAGE 
1994 03    109.020      0.720 GAGE 
1994 04    108.780      0.540 GAGE 
1994 05    108.770      0.400 GAGE 
1994 06    108.820      0.410 GAGE 
1994 07    108.060      0.540 GAGE 
1994 08    107.510      0.410 GAGE 
1994 09    107.050      0.450 GAGE 
1994 10    106.110      0.510 GAGE 
1994 11    105.200      0.710 GAGE 
1994 12    103.650      0.650 GAGE 
1993 08    114.870      1.660 GAGE 
1993 09    114.510      1.430 GAGE 
1993 10    114.630      1.610 GAGE 
1993 11    114.130      1.760 GAGE 
1993 12    113.390      1.570 GAGE 
1994 01    112.260      1.730 GAGE 
1994 02    111.000      1.480 GAGE 
1994 03    109.220      1.150 GAGE 
1994 04    108.620      0.600 GAGE 
1994 05    108.560      0.720 GAGE 
1994 06    108.470      0.490 GAGE 
1994 07    107.770      0.520 GAGE 
1994 08    107.440      0.440 GAGE 
1994 09    106.950      0.450 GAGE 
1994 10    106.030      0.540 GAGE 
1994 11    104.980      0.630 GAGE 
1994 12    103.410      0.750 GAGE 
1995 01    101.810      0.790 GAGE 
1995 02    100.610      0.590 GAGE 
1995 03     99.570      0.430 GAGE 
1995 04     99.490      0.420 GAGE 
1995 05     99.210      0.380 GAGE 
1995 06     98.920      0.410 GAGE 
1995 07     98.660      0.390 GAGE 
1995 08     98.080      0.410 GAGE 
1995 09     97.420      0.430 GAGE 
1995 10     96.370      0.510 GAGE 
1995 11     95.000      0.540 GAGE 
1995 12     93.290      0.870 GAGE 
1996 01     91.510      0.630 GAGE 
1996 02     90.400      0.600 GAGE 
1996 03     89.040      0.620 GAGE 
1996 04     88.610      0.700 GAGE 
1996 05     88.010      1.080 GAGE 
1996 06     87.760      0.720 GAGE 
1996 07     87.120      0.490 GAGE 
1996 08     86.150      0.390 GAGE 
1996 09     85.490      0.390 GAGE 
1996 10     84.400      0.530 GAGE 
1996 11     83.070      0.490 GAGE 
1996 12     81.900      0.550 GAGE 
1997 01     80.160      0.710 GAGE 
1997 02     78.420      0.610 GAGE 
1997 03     77.650      0.610 GAGE 
1997 04     76.660      0.500 GAGE 
1997 05     76.000      0.390 GAGE 
1997 06     75.380      0.420 GAGE 
1997 07     74.860      0.400 GAGE 
1997 08     74.270      0.400 GAGE 
1997 09     73.530      0.410 GAGE 
1997 10     72.470      0.700 GAGE 
1997 11     71.310      0.590 GAGE 
1997 12     70.110      0.530 GAGE 
1998 01     68.700      0.610 GAGE 
1998 02     67.610      0.550 GAGE 
1998 03     65.910      0.460 GAGE 
1998 04     65.360      0.400 GAGE 
1998 05     64.750      0.410 GAGE 
1998 06     64.230      0.440 GAGE 
1998 07     63.680      0.420 GAGE 
1998 08     63.100      0.350 GAGE 
1998 09     62.290      0.500 GAGE 
1998 10     61.520      0.480 GAGE 
1998 11     60.450      0.520 GAGE 
1998 12     59.120      0.650 GAGE 
1999 01     57.920      0.510 GAGE 
1999 02     56.640      0.620 GAGE 
1999 03     55.910      0.480 GAGE 
1999 04     55.090      0.380 GAGE 
1999 05     54.440      0.400 GAGE 
1999 06     54.050      0.330 GAGE 
1999 07     53.460      0.360 GAGE 
1999 08     52.760      0.420 GAGE 
1999 09     52.220      0.420 GAGE 
1999 10     51.620      0.370 GAGE 
1999 11     50.980      0.510 GAGE 
1999 12     49.880      0.520 GAGE 
2000 01     48.680      0.520 GAGE 
2000 02     47.660      0.490 GAGE 
2000 03     47.150      0.400 GAGE 
2000 04     46.350      0.410 GAGE 
2000 05     45.760      0.360 GAGE 
2000 06     45.330      0.290 GAGE 
2000 07     45.070      0.340 GAGE 
2000 08     44.630      0.380 GAGE 
2000 09     44.210      0.700 GAGE 
2000 10     43.410      0.480 GAGE 
2000 11     42.550      0.480 GAGE 
2000 12     41.940      0.570 GAGE 
2001 01     40.640      0.400 GAGE 
2001 02     39.840      0.450 GAGE 
2001 03     39.240      0.420 GAGE 
2001 04     38.770      0.360 GAGE 
2001 05     38.280      0.290 GAGE 
2001 06     37.910      0.410 GAGE 
2001 07     37.570      0.340 GAGE 
2001 08     37.240      0.400 GAGE 
2001 09     36.910      0.420 GAGE 
2001 10     36.430      0.400 GAGE 
2001 11     35.820      0.480 GAGE 
2001 12     34.910      0.460 GAGE 
2002 01     34.050      0.490 GAGE 
2002 02     33.420      0.460 GAGE 
2002 03     32.740      0.360 GAGE 
2002 04     32.310      0.320 GAGE 
2002 05     32.010      0.320 GAGE 
2002 06     31.690      0.320 GAGE 
2002 07     31.390      0.370 GAGE 
2002 08     31.000      0.350 GAGE 
2002 09     30.700      0.410 GAGE 
2002 10     30.290      0.360 GAGE 
2002 11     29.780      0.380 GAGE 
2002 12     28.980      0.470 GAGE 
2003 01     28.630      0.440 GAGE 
2003 02     27.950      0.560 GAGE 
2003 03     27.250      0.350 GAGE 
2003 04     26.860      0.330 GAGE 
2003 05     27.190      0.340 GAGE 
2003 06     27.060      0.320 GAGE 
2003 07     26.390      0.590 GAGE 
2003 08     25.760      0.300 GAGE 
2003 09     25.510      0.330 GAGE 
2003 10     25.130      0.310 GAGE 
2003 11     24.650      0.330 GAGE 
2003 12     24.160      0.340 GAGE 
2004 01     23.720      0.350 GAGE 
2004 02     23.270      0.290 GAGE 
2004 03     22.790      0.340 GAGE 
2004 04     22.370      0.320 GAGE 
2004 05     22.080      0.260 GAGE 
2004 06     21.880      0.280 GAGE 
2004 07     21.730      0.260 GAGE 
2004 08     21.560      0.260 GAGE 
2004 09     21.280      0.270 GAGE 
2004 10     21.020      0.330 GAGE 
2004 11     20.680      0.300 GAGE 
2004 12     20.270      0.300 GAGE 
2005 01     19.810      0.380 GAGE 
2005 02     19.480      0.310 GAGE 
2005 03     19.020      0.270 GAGE 
2005 04     18.700      0.230 GAGE 
2005 05     18.560      0.220 GAGE 
2005 06     18.390      0.210 GAGE 
2005 07     18.220      0.240 GAGE 
2005 08     18.070      0.260 GAGE 
2005 09     17.860      0.250 GAGE 
2005 10     17.570      0.310 GAGE 
2005 11     17.230      0.280 GAGE 
2005 12     16.890      0.300 GAGE 
2006 01     16.560      0.290 GAGE 
2006 02     16.180      0.280 GAGE 
2006 03     15.850      0.250 GAGE 
2006 04     15.640      0.280 GAGE 
2006 05     15.460      0.240 GAGE 
2006 06     15.330      0.220 GAGE 
2006 07     15.180      0.270 GAGE 
2006 08     15.050      0.280 GAGE 
2006 09     14.910      0.260 GAGE 
2006 10     14.700      0.280 GAGE 
2006 11     14.430      0.290 GAGE 
2006 12     14.280      0.270 GAGE 
2007 01     13.820      0.280 GAGE 
2007 02     13.510      0.300 GAGE 
2007 03     13.370      0.280 GAGE 
2007 04     13.170      0.250 GAGE 
2007 05     13.030      0.290 GAGE 
2007 06     12.920      0.250 GAGE 
2007 07     12.710      0.260 GAGE 
2007 08     12.460      0.300 GAGE 
2007 09     12.310      0.290 GAGE 
2007 10     12.120      0.270 GAGE 
2007 11     11.860      0.260 GAGE 
2007 12     11.650      0.280 GAGE 
2008 01     11.430      0.270 GAGE 
2008 02     11.190      0.280 GAGE 
2008 03     11.010      0.250 GAGE 
2008 04     10.970      0.230 GAGE 
2008 05     10.810      0.250 GAGE 
2008 06     10.600      0.250 GAGE 
2008 07     10.580      0.240 GAGE 
2008 08     10.480      0.250 GAGE 
2008 09     10.370      0.240 GAGE 
