1978 07     58.100      2.330 ALE 
1978 08     58.900      2.770 ALE 
1978 09     59.110      2.330 ALE 
1978 10     60.650      2.370 ALE 
1978 11     60.940      3.410 ALE 
1978 12     61.260      4.140 ALE 
1979 01     63.720      2.650 ALE 
1979 02     61.960      2.950 ALE 
1979 03     62.570      2.390 ALE 
1979 04     62.290      2.730 ALE 
1979 05     63.660      1.610 ALE 
1979 06     64.100      0.590 ALE 
1979 07     65.080      0.900 ALE 
1979 08     66.330      1.360 ALE 
1979 09     66.390      1.580 ALE 
1979 10     67.840      1.420 ALE 
1979 11     69.560      1.390 ALE 
1979 12     65.140      3.810 ALE 
1980 01     68.600      1.980 ALE 
1980 02     70.480      2.100 ALE 
1980 03     70.820      2.180 ALE 
1980 04     71.160      2.560 ALE 
1980 05     72.080      1.480 ALE 
1980 06     72.840      0.970 ALE 
1980 07     73.920      0.690 ALE 
1980 08     74.870      0.840 ALE 
1980 09     75.210      1.300 ALE 
1980 10     75.530      0.840 ALE 
1980 11     76.990      1.490 ALE 
1980 12     78.490      2.450 ALE 
1981 01     79.010      2.610 ALE 
1981 03     79.870      1.340 ALE 
1981 04     78.590      1.570 ALE 
1981 05     78.340      1.930 ALE 
1981 06     79.590      1.240 ALE 
1981 07     79.550      1.420 ALE 
1981 08     81.200      0.850 ALE 
1981 09     81.920      1.460 ALE 
1981 10     79.900      1.110 ALE 
1981 11     79.980      1.340 ALE 
1981 12     80.710      1.860 ALE 
1982 01     81.260      1.960 ALE 
1982 02     83.210      2.200 ALE 
1982 03     81.660      0.860 ALE 
1982 06     82.770      1.220 ALE 
1982 07     82.410      1.280 ALE 
1982 08     83.450      1.370 ALE 
1982 09     83.500      1.100 ALE 
1982 10     83.380      0.760 ALE 
1982 11     83.200      1.230 ALE 
1982 12     82.560      0.930 ALE 
1983 01     83.560      2.320 ALE 
1983 02     83.150      0.970 ALE 
1983 03     85.040      2.430 ALE 
1983 04     84.540      1.000 ALE 
1983 05     85.480      1.010 ALE 
1983 06     86.520      0.860 ALE 
1983 07     87.020      0.870 ALE 
1983 08     87.270      0.820 ALE 
1983 09     88.410      0.790 ALE 
1983 10     87.900      0.810 ALE 
1983 11     87.130      1.030 ALE 
1983 12     89.160      1.480 ALE 
1984 01     91.150      1.960 ALE 
1984 02     92.030      2.040 ALE 
1984 03     93.480      4.460 ALE 
1984 04     91.440      2.920 ALE 
1984 05     89.110      1.080 ALE 
1984 06     90.110      1.250 ALE 
1984 07     90.650      1.160 ALE 
1984 08     91.720      0.820 ALE 
1984 09     92.530      1.340 ALE 
1984 10     91.970      1.190 ALE 
1984 11     92.740      1.930 ALE 
1984 12     94.460      2.430 ALE 
1985 01     95.150      4.610 ALE 
1985 02     95.740      1.910 ALE 
1985 03     95.070      2.350 ALE 
1985 04     94.560      1.590 ALE 
1985 05     95.380      2.320 ALE 
1985 06     95.180      1.510 ALE 
1985 07     95.480      0.990 ALE 
1985 08     95.660      0.950 ALE 
1985 09     95.890      0.590 ALE 
1985 11     95.860      1.100 ALE 
1985 12     97.730      1.700 ALE 
1986 01     99.960      3.330 ALE 
1986 02    101.370      3.140 ALE 
1986 03     98.260      1.760 ALE 
1986 04     99.440      2.810 ALE 
1986 05     98.540      1.680 ALE 
1985 07     96.260      0.680 GAGE 
1985 08     95.830      0.780 GAGE 
1985 09     95.770      0.540 GAGE 
1985 10     95.530      0.950 GAGE 
1985 11     94.500      1.130 GAGE 
1985 12     95.840      1.540 GAGE 
1986 01     98.000      3.440 GAGE 
1986 02     98.830      3.490 GAGE 
1986 03     95.480      1.550 GAGE 
1986 04     97.260      2.730 GAGE 
1986 05     96.000      1.550 GAGE 
1986 06     97.240      1.360 GAGE 
1986 07     97.670      1.130 GAGE 
1986 08     97.490      0.750 GAGE 
1986 09     98.780      1.010 GAGE 
1986 10     98.050      0.870 GAGE 
1986 11     97.170      1.070 GAGE 
1986 12     97.540      2.510 GAGE 
1987 01     96.500      0.960 GAGE 
1987 03     99.400      1.260 GAGE 
1987 04    100.860      1.300 GAGE 
1987 05    100.510      1.480 GAGE 
1987 06    100.930      0.750 GAGE 
1987 07    101.510      0.610 GAGE 
1987 08    102.400      0.700 GAGE 
1987 09    102.410      0.540 GAGE 
1987 10    102.600      0.510 GAGE 
1987 11    103.210      1.080 GAGE 
1987 12    104.710      3.020 GAGE 
1988 01    105.350      3.490 GAGE 
1988 02    106.990      1.960 GAGE 
1988 03    107.130      4.730 GAGE 
1988 04    109.820      3.580 GAGE 
1988 05    105.730      2.000 GAGE 
1988 06    106.330      1.480 GAGE 
1988 07    107.000      0.690 GAGE 
1988 08    107.920      0.860 GAGE 
1988 09    108.450      1.110 GAGE 
1988 10    108.440      1.340 GAGE 
1988 11    108.410      1.410 GAGE 
1988 12    109.040      2.480 GAGE 
1989 01    111.150      2.380 GAGE 
1989 02    111.980      1.560 GAGE 
1989 03    112.550      2.300 GAGE 
1989 04    110.310      1.260 GAGE 
1989 05    110.720      2.090 GAGE 
1989 06    109.190      0.790 GAGE 
1990 12    118.110      2.360 GAGE 
1991 01    116.270      1.720 GAGE 
1991 06    113.910      1.100 GAGE 
1991 07    115.000      1.110 GAGE 
1991 08    115.010      0.980 GAGE 
1991 09    115.600      1.290 GAGE 
1991 10    115.400      0.830 GAGE 
1991 11    116.120      1.380 GAGE 
1991 12    115.590      2.720 GAGE 
1992 01    114.820      1.720 GAGE 
1992 02    118.950      3.800 GAGE 
1992 03    118.980      3.770 GAGE 
1992 04    116.860      1.600 GAGE 
1992 05    116.990      1.060 GAGE 
1992 06    117.730      0.970 GAGE 
1992 07    118.660      0.730 GAGE 
1992 09    119.370      0.680 GAGE 
1992 10    118.120      0.620 GAGE 
1992 11    119.320      1.170 GAGE 
1992 12    120.780      2.340 GAGE 
1993 01    120.300      2.150 GAGE 
1993 02    119.980      3.300 GAGE 
1993 03    120.520      2.150 GAGE 
1993 04    119.360      2.330 GAGE 
1993 05    117.350      0.860 GAGE 
1993 06    117.980      0.720 GAGE 
1993 07    117.760      0.630 GAGE 
1993 08    118.140      0.830 GAGE 
1993 09    116.430      0.920 GAGE 
1993 10    114.880      1.360 GAGE 
1993 11    112.800      0.940 GAGE 
1993 12    113.610      1.230 GAGE 
1994 01    113.160      1.960 GAGE 
1994 02    113.120      1.330 GAGE 
1994 03    111.680      1.430 GAGE 
1994 04    110.020      1.000 GAGE 
1994 05    109.540      1.270 GAGE 
1994 06    109.090      0.830 GAGE 
1994 07    108.060      0.660 GAGE 
1994 08    107.520      0.610 GAGE 
1994 09    106.740      0.690 GAGE 
1994 10    105.370      0.810 GAGE 
1994 11    104.260      0.870 GAGE 
1994 12    103.500      0.910 GAGE 
1995 01    102.520      1.160 GAGE 
1995 02    102.400      1.420 GAGE 
1995 03    101.040      1.060 GAGE 
1995 04    100.390      0.970 GAGE 
1995 05     99.700      0.820 GAGE 
1995 06     99.090      0.580 GAGE 
1995 07     98.550      0.570 GAGE 
1995 08     97.970      0.690 GAGE 
1995 09     97.150      0.760 GAGE 
1995 10     95.700      0.830 GAGE 
1995 11     94.220      0.840 GAGE 
1995 12     92.750      0.590 GAGE 
1996 01     92.760      0.640 GAGE 
1996 02     91.760      1.020 GAGE 
1996 03     91.080      0.890 GAGE 
1996 04     88.990      1.530 GAGE 
1996 05     88.470      0.700 GAGE 
1996 06     87.370      0.810 GAGE 
1996 07     86.850      0.620 GAGE 
1996 08     86.080      0.750 GAGE 
1996 09     85.140      0.530 GAGE 
1996 08     84.690      0.470 GAGE 
1996 09     84.070      0.560 GAGE 
1996 10     82.400      0.600 GAGE 
1996 11     80.610      0.450 GAGE 
1996 12     79.710      0.630 GAGE 
1997 01     78.920      0.710 GAGE 
1997 02     77.530      0.560 GAGE 
1997 03     77.130      0.920 GAGE 
1997 04     75.600      0.420 GAGE 
1997 05     75.020      0.360 GAGE 
1997 06     75.250      0.360 GAGE 
1997 07     74.330      0.390 GAGE 
1997 08     73.800      0.410 GAGE 
1997 09     72.500      0.530 GAGE 
1997 10     71.170      0.650 GAGE 
1997 11     70.080      0.470 GAGE 
1997 12     68.620      0.500 GAGE 
1998 01     67.550      0.890 GAGE 
1998 02     66.020      0.460 GAGE 
1998 03     65.260      0.530 GAGE 
1998 04     64.710      0.340 GAGE 
1998 05     64.180      0.360 GAGE 
1998 06     63.600      0.430 GAGE 
1998 07     63.160      0.480 GAGE 
1998 08     62.220      0.450 GAGE 
1998 09     61.070      0.490 GAGE 
1998 10     60.050      0.700 GAGE 
1998 11     58.440      0.520 GAGE 
1998 12     57.740      0.600 GAGE 
1999 01     56.850      0.400 GAGE 
1999 02     56.150      0.300 GAGE 
1999 03     54.850      0.340 GAGE 
1999 04     54.210      0.320 GAGE 
1999 05     53.760      0.350 GAGE 
1999 06     53.060      0.320 GAGE 
1999 07     52.450      0.330 GAGE 
1999 08     51.720      0.360 GAGE 
1999 09     51.240      0.500 GAGE 
1999 10     50.170      0.510 GAGE 
1999 11     49.060      0.360 GAGE 
1999 12     47.970      0.340 GAGE 
2000 01     47.300      0.340 GAGE 
2000 02     46.560      0.340 GAGE 
2000 03     45.980      0.410 GAGE 
2000 04     45.320      0.340 GAGE 
2000 05     45.060      0.320 GAGE 
2000 06     44.420      0.310 GAGE 
2000 07     43.860      0.350 GAGE 
2000 08     43.210      0.400 GAGE 
2000 09     42.510      0.530 GAGE 
2000 10     41.460      0.590 GAGE 
2000 11     41.150      0.420 GAGE 
2000 12     40.380      0.320 GAGE 
2001 01     39.770      0.330 GAGE 
2001 02     39.140      0.350 GAGE 
2001 03     38.600      0.450 GAGE 
2001 04     38.070      0.330 GAGE 
2001 05     37.680      0.330 GAGE 
2001 06     37.080      0.330 GAGE 
2001 07     36.710      0.350 GAGE 
2001 08     36.260      0.350 GAGE 
2001 09     35.930      0.430 GAGE 
2001 10     35.440      0.510 GAGE 
2001 11     34.280      0.550 GAGE 
2001 12     33.680      0.490 GAGE 
2002 01     32.950      0.360 GAGE 
2002 02     32.470      0.320 GAGE 
2002 03     32.040      0.340 GAGE 
2002 04     31.490      0.300 GAGE 
2002 05     31.200      0.300 GAGE 
2002 06     30.820      0.300 GAGE 
2002 07     30.480      0.290 GAGE 
2002 08     29.690      0.440 GAGE 
2002 09     29.270      0.380 GAGE 
2002 10     28.740      0.360 GAGE 
2002 11     28.140      0.420 GAGE 
2002 12     27.780      0.400 GAGE 
2003 01     27.230      0.300 GAGE 
2003 02     26.770      0.360 GAGE 
2003 03     26.480      0.290 GAGE 
2003 04     25.990      0.340 GAGE 
2003 05     25.800      0.340 GAGE 
2003 06     25.920      0.350 GAGE 
2003 07     25.480      0.330 GAGE 
2003 08     25.140      0.310 GAGE 
2003 09     24.740      0.340 GAGE 
2003 10     24.290      0.400 GAGE 
2003 11     23.840      0.380 GAGE 
2003 12     23.230      0.340 GAGE 
2004 01     22.850      0.370 GAGE 
2004 02     22.440      0.270 GAGE 
2004 03     22.060      0.300 GAGE 
2004 04     21.770      0.300 GAGE 
2004 05     21.440      0.310 GAGE 
2004 06     21.290      0.320 GAGE 
2004 07     21.110      0.320 GAGE 
2004 08     20.660      0.290 GAGE 
2004 09     20.440      0.380 GAGE 
2004 10     20.090      0.290 GAGE 
2004 11     19.630      0.270 GAGE 
2004 12     19.370      0.320 GAGE 
2005 01     19.130      0.350 GAGE 
2005 02     18.780      0.310 GAGE 
2005 03     18.620      0.280 GAGE 
2005 04     18.360      0.260 GAGE 
2005 05     18.220      0.260 GAGE 
2005 06     17.880      0.330 GAGE 
2005 07     17.750      0.340 GAGE 
2005 08     17.480      0.300 GAGE 
2005 09     17.140      0.250 GAGE 
2005 10     16.780      0.250 GAGE 
2005 11     16.430      0.250 GAGE 
2005 12     16.050      0.320 GAGE 
2006 01     15.830      0.300 GAGE 
2006 02     15.660      0.310 GAGE 
2006 03     15.430      0.290 GAGE 
2006 04     15.210      0.280 GAGE 
2006 05     15.070      0.280 GAGE 
2006 06     14.870      0.250 GAGE 
2006 07     14.740      0.260 GAGE 
2006 08     14.610      0.290 GAGE 
2006 09     14.330      0.280 GAGE 
2006 10     14.140      0.280 GAGE 
2006 11     13.820      0.270 GAGE 
2006 12     13.520      0.260 GAGE 
2007 01     13.280      0.280 GAGE 
2007 02     13.080      0.270 GAGE 
2007 03     12.910      0.280 GAGE 
2007 04     12.720      0.280 GAGE 
2007 05     12.530      0.270 GAGE 
2007 06     12.400      0.270 GAGE 
2007 07     12.310      0.270 GAGE 
2007 08     12.190      0.260 GAGE 
2007 09     11.940      0.280 GAGE 
2007 10     11.760      0.260 GAGE 
2007 11     11.540      0.240 GAGE 
2007 12     11.380      0.240 GAGE 
2008 01     11.250      0.250 GAGE 
2008 02     11.040      0.240 GAGE 
2008 03     10.860      0.240 GAGE 
2008 04     10.720      0.220 GAGE 
2008 05     10.600      0.230 GAGE 
2008 06     10.500      0.230 GAGE 
2008 07     10.450      0.220 GAGE 
2008 08     10.280      0.240 GAGE 
2008 09     10.140      0.260 GAGE 
